130.0 165.0  65.0 
 82.0 165.0 225.0
240.0 165.0 272.0
290.0 165.0 114.0

290.0   0.0 114.0
290.0 165.0 114.0
240.0 165.0 272.0
240.0   0.0 272.0

130.0   0.0  65.0
130.0 165.0  65.0
290.0 165.0 114.0
290.0   0.0 114.0

 82.0   0.0 225.0
 82.0 165.0 225.0
130.0 165.0  65.0
130.0   0.0  65.0

240.0   0.0 272.0
240.0 165.0 272.0
 82.0 165.0 225.0
 82.0   0.0 225.0

290.0 0.0 114.0
240.0 0.0 272.0
 82.0 0.0 225.0
130.0 0.0  65.0

423.0 330.0 247.0
265.0 330.0 296.0
314.0 330.0 456.0
472.0 330.0 406.0

423.0   0.0 247.0
423.0 330.0 247.0
472.0 330.0 406.0
472.0   0.0 406.0

472.0   0.0 406.0
472.0 330.0 406.0
314.0 330.0 456.0
314.0   0.0 456.0

314.0   0.0 456.0
314.0 330.0 456.0
265.0 330.0 296.0
265.0   0.0 296.0

265.0   0.0 296.0
265.0 330.0 296.0
423.0 330.0 247.0
423.0   0.0 247.0

472.0 0.0 406.0
314.0 0.0 456.0
265.0 0.0 296.0
423.0 0.0 247.0
